[Individuals]
6
[landmarks]
200
[dimensions]
3
[names]
j01_sas
j02_sas
j06_sas
x03_sas
x04_sas
x21_sas

[rawpoints]

'j01_sas

4.1411195e-03 3.2668367e-03 2.5145575e-03
-2.9660456e-03 -3.6720852e-03 -1.1155942e-03
-2.9436909e-03 5.1257072e-03 9.6359641e-04
2.8015094e-03 -4.4101817e-03 1.3593339e-03
1.2182747e-03 7.0662597e-04 -7.6862183e-04
9.3791893e-04 -4.4273123e-03 -1.9566273e-03
-3.5917628e-03 -4.8864834e-05 2.1561792e-03
-5.2266917e-06 4.8981908e-03 -3.5700456e-04
4.6724696e-03 -6.2706407e-04 2.9133103e-03
-2.6742647e-04 -4.5248302e-03 1.0316928e-03
3.4346421e-03 3.4935869e-03 -8.2661933e-04
-2.0483407e-03 -3.5800008e-04 3.2279812e-05
-4.5109461e-04 -2.8978437e-03 -2.5847971e-03
3.1001258e-03 -2.7471257e-03 -1.7017236e-03
-4.5846532e-03 1.8807786e-03 -1.0364036e-03
-1.9337889e-03 1.4474074e-03 5.9793818e-04
-2.6163500e-03 -2.6005789e-03 1.6998095e-03
2.0659381e-03 -5.3386760e-03 3.3037211e-04
3.0158164e-03 9.1107146e-04 7.8520574e-04
-4.1380821e-03 3.7723536e-03 2.3505146e-03
-1.3740260e-03 5.1885142e-03 1.5851862e-03
-2.5399430e-03 -1.6476610e-03 -2.6995348e-03
1.1389890e-03 5.1975942e-03 2.0024392e-03
-3.8472751e-03 -1.5340773e-03 4.1395342e-04
4.1418750e-03 -5.6943272e-04 1.9154492e-03
-2.2379770e-03 -4.1212473e-03 -1.2846546e-03
2.3380416e-03 -3.3659611e-03 -2.9325154e-03
9.7769846e-05 2.6510336e-03 1.1366082e-04
4.2801900e-03 2.4025785e-03 2.8128439e-03
-4.5261640e-03 1.1966364e-03 -3.7225674e-04
-2.6608278e-03 4.1645205e-03 -5.1699518e-04
-1.9019205e-04 -1.8640642e-03 -1.0767632e-03
3.5848386e-03 3.9222056e-03 -1.1588136e-05
-1.1086508e-03 -1.2812888e-04 2.6667640e-04
1.8018462e-03 -1.4701417e-03 -3.0335691e-04
3.6321985e-04 -4.8261874e-03 -1.1763915e-03
2.6787132e-03 1.7656365e-03 -9.0750619e-04
4.7983779e-03 -3.1242308e-03 1.6996472e-03
3.8812251e-03 3.2339079e-03 4.8959062e-04
-2.2258409e-03 -4.2562810e-03 5.2949627e-04
-2.6524906e-03 1.0852231e-03 2.3151282e-04
1.2648174e-03 3.2160177e-03 -1.0400171e-03
-4.6305019e-03 3.5531326e-03 -4.8828457e-04
3.4897583e-03 -4.4315983e-03 -2.7224241e-04
9.0608189e-04 -3.9302022e-03 -2.8349895e-03
-1.1837161e-03 -2.8475747e-03 -2.2043183e-03
2.6486607e-03 -3.6294319e-03 -2.2215383e-03
1.2435708e-03 -1.7168571e-03 -1.0525632e-03
-3.5991318e-04 5.2758072e-03 1.2130477e-03
-3.2605968e-03 -9.6208588e-04 -1.3761300e-03
-3.2996611e-03 4.4750471e-03 2.3025807e-03
-3.6916204e-03 3.9856576e-03 -5.2934061e-04
-3.7038376e-03 -2.2529331e-03 -4.0528245e-04
-3.5103394e-03 -1.8618622e-03 1.3411280e-03
-9.1428335e-04 3.4451741e-03 2.4661411e-04
-3.3508991e-03 -1.5758969e-03 -2.0371999e-03
9.7832189e-04 -4.7144640e-03 1.0126976e-03
2.6959041e-03 -4.8946348e-03 6.5770485e-04
1.6330482e-03 4.7158435e-03 2.8440461e-04
2.8826590e-03 1.4642649e-03 -7.9036516e-05
4.2354478e-03 8.0409984e-04 2.2941807e-03
-1.2983268e-03 -4.8214762e-03 2.9214646e-04
-4.3759870e-03 4.7426387e-04 8.6270362e-04
-2.0226221e-03 5.2052317e-03 9.9708244e-04
-1.7662234e-03 -1.1486737e-03 -1.2242189e-03
3.2598728e-03 -9.0990091e-05 1.4938352e-03
-2.0760586e-03 3.2745430e-03 6.3763818e-05
4.8521571e-03 -2.5293505e-03 1.1659938e-03
3.2156355e-03 4.9093088e-03 1.9500453e-03
2.4702202e-03 6.2641751e-04 -9.5417796e-05
2.2958709e-03 -5.4921811e-03 -1.0411401e-03
-1.1253961e-03 7.1322335e-04 7.4857534e-04
-4.3371671e-03 1.2559121e-03 2.0560669e-03
4.0852927e-03 -3.2781233e-03 1.9220206e-04
-4.7846193e-03 3.1331085e-03 1.8644944e-03
1.6451196e-04 1.3204573e-03 1.8576891e-04
-3.2627608e-03 1.2228022e-03 -3.4081190e-04
2.7312095e-03 -2.8425612e-03 -2.4397375e-03
1.1318289e-03 -2.2276206e-03 -2.4469200e-03
-2.1757950e-03 -4.5403650e-03 -2.9520765e-04
-1.8028278e-04 -4.2582029e-03 -1.4272088e-03
4.9702929e-03 -1.3869881e-03 1.8816609e-03
2.3544415e-03 3.7153336e-03 -1.6668316e-03
-5.1901236e-04 -3.5671883e-03 -1.8226966e-03
-4.0232542e-04 -5.4732496e-04 -7.7926623e-05
-3.7849984e-03 4.8650536e-03 1.0012025e-03
4.8593336e-04 3.3722903e-03 -3.5579523e-04
-2.6426620e-03 -3.3250931e-03 1.1703957e-03
3.4046769e-04 -2.4983356e-03 -2.8777043e-03
-3.0288404e-03 3.8738046e-04 -5.5429209e-05
1.7105845e-03 -4.1642480e-03 -2.9985380e-03
3.5984344e-03 2.2893643e-03 4.6779904e-04
3.7405546e-03 3.5694043e-03 3.1997028e-03
3.8119905e-03 4.1625615e-03 1.9454284e-03
4.2016523e-03 1.3478192e-03 3.1463350e-03
-1.7156792e-03 -2.0808886e-03 -2.7689705e-03
-6.6093440e-04 2.5820491e-03 5.1625884e-04
-5.0651784e-03 3.1943014e-03 9.4363513e-04
1.0043450e-03 2.0201059e-03 -5.6998054e-04
-2.9951419e-03 -3.2848943e-03 -1.9299050e-03
-1.9259652e-03 5.0255648e-03 1.5668790e-04
2.9022017e-03 -1.9519090e-03 -6.3834283e-04
2.2300902e-03 2.1408152e-03 -1.5875603e-03
-1.2626014e-03 -8.8278061e-04 -5.9380370e-04
-3.3293127e-03 3.1395242e-03 -9.8005764e-04
2.7210791e-03 4.3757237e-03 -5.5750980e-04
-2.1226189e-03 4.4693615e-04 5.1179433e-04
-3.9163202e-03 4.4889645e-03 1.9085639e-04
-5.0066437e-03 2.3695518e-03 -3.2804221e-04
9.7385663e-04 -5.3659211e-03 7.1305278e-05
3.7312752e-03 -2.0754713e-03 2.5459396e-04
1.3535221e-03 -6.3758310e-04 -7.2754665e-04
4.0940071e-03 -3.6458019e-03 1.9956546e-03
4.1936954e-03 2.8985186e-03 1.7471779e-03
-2.7647981e-03 -4.0037130e-03 -3.7979932e-04
4.4657383e-03 -3.6556620e-03 9.9967347e-04
2.8517651e-03 -5.0870833e-03 -2.2791281e-04
2.6272805e-03 -1.4228870e-03 2.1010151e-04
3.2458591e-03 -3.6497759e-03 -1.1041954e-03
-1.2241801e-03 4.2624534e-03 -6.4514944e-05
1.0382600e-03 -5.3817726e-03 -1.1749032e-03
1.6071561e-04 -3.6818742e-03 -2.2595341e-03
3.0227274e-03 2.6933917e-03 -1.2842516e-03
-2.0937357e-03 -2.9987949e-03 -2.1659870e-03
-4.4693829e-03 2.6656080e-03 -1.1378075e-03
-1.2174876e-03 5.0401318e-03 7.1696431e-04
-2.9029715e-03 -2.4197957e-03 -2.7569560e-03
-4.6796446e-03 4.0478695e-03 3.8918321e-04
3.2250448e-03 2.2515896e-03 -4.2620993e-04
-1.0256395e-04 -5.2414114e-03 -4.6678692e-04
6.0374510e-05 2.0707242e-04 6.9177742e-05
4.3655459e-03 1.8049639e-03 2.0399528e-03
7.3369570e-04 -3.9784227e-07 -4.2428405e-04
2.6760011e-03 -4.4557225e-03 -1.3740747e-03
-1.4305414e-03 -4.1130356e-03 1.1821097e-03
-3.8637816e-03 7.2316439e-04 -6.8149714e-04
-3.2548596e-03 -3.2648105e-03 2.4840220e-04
-3.7011191e-03 -7.4775892e-05 -2.0688922e-04
-3.5730189e-03 -2.4137426e-03 5.3776905e-04
2.2182877e-03 -2.0716066e-03 -1.5080256e-03
-2.4697566e-03 2.1170019e-03 -2.8384239e-06
-3.7009510e-03 -1.4269078e-03 -5.6872616e-04
3.7098268e-04 -2.0951607e-03 -1.6168033e-03
-1.2651060e-03 -3.4470718e-03 -1.5628754e-03
-9.3904165e-04 -1.7224104e-03 -1.5793811e-03
-3.0427487e-03 4.8841234e-03 7.3708968e-05
1.3522122e-04 -1.2340312e-03 -5.5542889e-04
1.8531739e-03 -3.2241749e-03 -3.5683688e-03
6.4007090e-04 4.3345202e-03 -5.7391173e-04
2.4304085e-03 5.1424350e-03 1.2396889e-03
3.2507498e-03 4.6348764e-03 2.8452540e-03
-2.1659384e-03 -1.3483247e-03 -1.9413578e-03
-2.9046000e-04 4.1328947e-03 -2.1553377e-04
3.1503470e-03 -9.8345293e-04 1.0189001e-03
-1.5812862e-03 -4.7855105e-03 -8.3816270e-04
3.6848998e-03 1.8635841e-03 1.2117960e-03
-3.2619470e-03 -9.6874067e-04 2.0320550e-03
-4.4009809e-03 4.3773433e-03 1.3402369e-03
-2.7577832e-03 2.8413106e-03 -3.3532882e-04
1.7816815e-03 4.2569757e-03 -8.2506562e-04
2.0741231e-03 -4.7818354e-03 -2.0719431e-03
-2.3334423e-03 4.9152375e-03 2.0214102e-03
7.5351408e-04 -3.1244136e-03 -3.4488725e-03
5.2462335e-04 5.1711773e-03 1.7862118e-04
-8.0091092e-04 1.5360839e-03 7.5111297e-04
-3.7861159e-03 1.9564663e-03 -1.3137551e-03
-3.5201082e-03 -2.3697481e-03 -1.6082107e-03
3.6196537e-03 9.0397871e-04 1.5727730e-03
-6.2653575e-04 5.0077311e-03 1.3022196e-04
-1.0757493e-03 -4.1341472e-03 -1.2037943e-03
-4.1593615e-03 3.9321333e-04 1.6958048e-03
2.1713656e-03 1.0948562e-03 -1.0490375e-03
3.6737146e-03 -4.4249194e-03 7.5081700e-04
-3.4608329e-03 -2.9246559e-03 -8.0790831e-04
-4.7618858e-03 2.1659583e-03 1.8484889e-03
-2.5728377e-03 -7.8494480e-04 -6.9743641e-04
-4.9315686e-03 1.7971134e-03 8.1915032e-04
4.4244070e-03 2.3014074e-04 3.0183091e-03
-2.8424199e-03 -1.7340468e-03 1.9787120e-03
1.4729815e-03 5.2461154e-03 1.0783706e-03
6.6729669e-04 5.3647574e-03 1.1717495e-03
4.1077432e-03 -1.7150107e-03 9.8485113e-04
-3.9142383e-03 -9.2629088e-04 1.0189092e-03
4.7830725e-03 -2.6388859e-03 2.4173738e-03
-5.3521308e-04 -2.2070968e-03 -2.0761049e-03
2.1109104e-03 -2.5038276e-03 -2.9613549e-03
-7.2722690e-04 -4.9541447e-03 -9.6698965e-04
2.0324754e-03 -1.9738950e-04 -2.1603747e-04
-2.5216918e-05 -5.0390676e-03 4.1692473e-04
2.1626870e-03 5.1194792e-03 2.4746367e-03
1.5294014e-03 1.6778374e-03 -1.1136991e-03
1.8576543e-03 -4.7566456e-03 1.0924920e-03
-3.1297054e-03 2.2519091e-03 -7.4251635e-04
-4.2835204e-03 2.7107542e-03 2.5640515e-03
3.0425986e-03 4.5933279e-03 2.9506152e-04
-1.5226750e-03 2.3501861e-03 5.2826716e-04
3.6602050e-03 4.2358280e-03 9.7659296e-04
3.6630523e-03 -2.6562328e-03 -4.2155637e-04
2.4818862e-03 -2.4755669e-04 6.4297009e-04
4.8639497e-03 -1.4604495e-03 2.7404119e-03

'j02_sas

4.0115343e-03 4.0542362e-03 2.4255999e-03
-3.4252240e-03 -3.5364710e-03 -1.1310557e-03
-4.1036361e-03 4.5183244e-03 7.1311016e-04
4.2496719e-03 -4.0023103e-03 1.5753085e-03
1.2785547e-03 2.5145829e-04 -9.8817314e-04
1.2330284e-03 -4.6983026e-03 -2.2580071e-03
-3.8395835e-03 -9.1039669e-05 2.3436526e-03
3.2600412e-04 4.6249260e-03 -1.8691003e-04
4.3309189e-03 -1.1058096e-04 3.0440574e-03
-4.8086223e-04 -4.1638236e-03 8.2167291e-04
3.4428056e-03 3.0363379e-03 -1.0799262e-03
-2.0329593e-03 -4.5230847e-04 -5.2030272e-04
-4.5074482e-04 -2.0965088e-03 -2.9065819e-03
2.8467611e-03 -2.4053173e-03 -9.1603144e-04
-3.8713118e-03 2.1623728e-03 -1.2354160e-03
-1.2499067e-03 2.2234481e-03 6.2065673e-04
-3.1426107e-03 -2.8261905e-03 1.5872154e-03
2.1652672e-03 -5.0993544e-03 2.4594015e-04
3.4414048e-03 8.8770602e-04 7.0400490e-04
-4.2654997e-03 2.4391727e-03 2.4164947e-03
-1.5889026e-03 4.7979961e-03 1.4975636e-03
-3.2831819e-03 -1.3869987e-03 -2.5010475e-03
1.4809717e-03 4.4112325e-03 1.9941506e-03
-4.1962997e-03 -1.3122655e-03 1.1304534e-05
3.8728541e-03 -1.6737444e-03 1.2230049e-03
-1.0986193e-03 -3.8887046e-03 -1.4616468e-03
1.7772429e-03 -2.5481298e-03 -2.9892297e-03
7.6655875e-04 2.4252347e-03 -5.9594644e-04
4.7014330e-03 2.0337784e-03 2.6980574e-03
-4.4793332e-03 1.2694967e-03 6.3606563e-04
-2.4370929e-03 3.7702921e-03 -3.6971569e-04
-1.7548573e-04 -1.3986955e-03 -9.4614885e-04
3.0281659e-03 4.1623787e-03 5.7933284e-04
-3.1626709e-04 2.9054088e-04 3.1107780e-04
2.2990445e-03 -8.5483112e-04 3.7551504e-04
2.6016607e-04 -5.3618661e-03 -5.1890191e-04
2.2535182e-03 1.7042380e-03 -1.7327035e-03
4.3869513e-03 -2.4053173e-03 2.8836647e-03
4.2111496e-03 2.5885691e-03 8.7700489e-04
-2.3271293e-03 -4.0321475e-03 2.4453934e-04
-2.6766313e-03 1.0026425e-03 5.8913851e-04
1.7821457e-03 3.8265346e-03 -1.0939343e-03
-4.8369599e-03 3.0593812e-03 -2.2314897e-05
3.4105869e-03 -3.8361743e-03 -3.0719755e-05
3.7433206e-04 -3.5849391e-03 -3.3086143e-03
-1.9019836e-03 -2.4308120e-03 -1.8804889e-03
2.3613805e-03 -4.2890560e-03 -1.1772824e-03
1.3520972e-03 -1.7346096e-03 -1.2802419e-03
1.0821955e-05 4.6274475e-03 1.4128146e-03
-3.4269750e-03 -3.8282832e-04 -1.2052986e-03
-4.0744292e-03 3.9526775e-03 2.1706526e-03
-3.8872811e-03 3.8205111e-03 -9.4965088e-04
-3.9440138e-03 -2.8072096e-03 1.0095635e-04
-4.0333855e-03 -1.5533448e-03 1.5003652e-03
-9.7184600e-04 3.7090067e-03 1.4106153e-05
-4.0492847e-03 -2.0848120e-03 -1.2788411e-03
1.0838421e-03 -4.4139382e-03 1.0310939e-03
2.7543076e-03 -4.4757839e-03 1.4709482e-03
1.6147490e-03 4.6546933e-03 5.2750288e-04
3.2782104e-03 1.7014363e-03 -5.3571163e-04
4.3736436e-03 8.6445258e-04 1.9276121e-03
-1.1189310e-03 -4.7882345e-03 -3.4870354e-04
-4.1803304e-03 -1.0469756e-04 8.9101298e-04
-2.6850362e-03 4.8550791e-03 5.2260005e-04
-1.9622184e-03 -9.7481047e-04 -1.8391650e-03
3.6977529e-03 -3.6111577e-04 1.7343004e-03
-2.7074491e-03 2.4020513e-03 -1.5118938e-04
4.8155990e-03 -2.6612452e-03 1.5753085e-03
2.8586679e-03 4.6337511e-03 1.8687781e-03
2.4860526e-03 5.2923884e-04 -3.7531893e-04
1.5208947e-03 -5.3884114e-03 -1.1044403e-03
-1.3864857e-03 9.4443881e-04 9.9047047e-04
-4.3580932e-03 1.1023801e-03 2.0354745e-03
3.6592306e-03 -2.5531027e-03 2.3193205e-04
-4.8085235e-03 2.4327290e-03 1.2047943e-03
8.7207404e-06 1.5531606e-03 1.2477011e-04
-3.6326839e-03 1.2305542e-03 -3.5220557e-04
2.4615384e-03 -3.0631375e-03 -1.9673391e-03
7.3854256e-04 -1.9263104e-03 -2.4380111e-03
-2.3355342e-03 -4.2559269e-03 -1.0168897e-03
-1.5447358e-04 -4.8330604e-03 -1.6066306e-03
4.5137245e-03 -1.2336801e-03 2.4080898e-03
2.5357813e-03 3.0312249e-03 -1.9568330e-03
-4.5354644e-04 -3.3623504e-03 -2.4148978e-03
3.8693934e-04 -4.9293195e-04 -3.2348897e-04
-3.2830418e-03 4.7061030e-03 1.6215352e-03
5.9846160e-04 3.6078682e-03 -8.1867518e-04
-1.7471941e-03 -3.5510395e-03 1.1543652e-03
7.4834823e-04 -2.4210764e-03 -3.5516548e-03
-3.0855277e-03 1.7266275e-04 -1.4208412e-04
1.6371619e-03 -3.7463824e-03 -2.8085253e-03
3.7979108e-03 3.3705010e-03 -1.6711659e-05
4.3834492e-03 3.0927905e-03 3.0783772e-03
3.9975262e-03 3.7913743e-03 1.2874421e-03
4.3575343e-03 1.0382230e-03 3.2422720e-03
-9.9215774e-04 -1.7306173e-03 -1.7936387e-03
-2.3151811e-04 2.6655436e-03 -1.6011254e-05
-4.6905753e-03 3.6540249e-03 1.1753773e-03
9.5566805e-04 1.3007347e-03 -5.8473997e-04
-3.1173961e-03 -2.6071039e-03 -1.7109909e-03
-1.5629877e-03 4.6691916e-03 1.6399278e-04
2.0938259e-03 -1.6802582e-03 -3.7812054e-04
1.6028421e-03 2.6703063e-03 -1.4294282e-03
-8.3806868e-04 -7.8261939e-04 -2.8636751e-04
-3.0484062e-03 3.0446027e-03 -9.9167517e-04
2.6912712e-03 3.8517492e-03 -4.6216912e-04
-1.5412751e-03 4.3438056e-05 3.7481463e-04
-3.4297066e-03 4.5034759e-03 -2.1562663e-04
-4.5362061e-03 2.0367201e-03 -3.7111650e-04
1.0299110e-03 -5.1464916e-03 2.2352719e-04
3.0673886e-03 -1.6744448e-03 4.5185916e-04
1.5580162e-03 -7.4815947e-04 -4.6006791e-04
4.3491294e-03 -3.3968103e-03 2.4627214e-03
4.5263318e-03 2.8957666e-03 2.0326728e-03
-3.2984507e-03 -3.6927314e-03 -4.9630685e-05
4.2055464e-03 -3.3435796e-03 6.9560004e-04
3.2396882e-03 -4.6865358e-03 5.6882677e-04
3.0449756e-03 -1.9119756e-04 9.4354335e-04
2.9707327e-03 -3.4584460e-03 -8.9151728e-04
-1.9496111e-03 3.0336763e-03 1.5768914e-04
6.7200410e-04 -5.4231515e-03 -1.7712257e-03
3.6732801e-04 -4.1662050e-03 -2.4092945e-03
3.1255222e-03 2.1480145e-03 -1.4595456e-03
-2.2514856e-03 -3.2966524e-03 -1.3327723e-03
-4.5003454e-03 2.9104751e-03 -1.0035820e-03
-7.2740472e-04 4.6523119e-03 7.1661219e-04
-2.2241698e-03 -1.7175197e-03 -2.4737318e-03
-4.5230385e-03 3.9890986e-03 -1.4610444e-05
3.8105181e-03 2.3452484e-03 2.1110201e-05
-1.0684605e-04 -4.8439167e-03 2.3333286e-04
5.0530776e-04 5.1782224e-04 -2.2543229e-04
4.3855504e-03 1.8511128e-03 1.4849563e-03
2.0265870e-03 8.2740117e-04 -1.3832015e-03
2.8236477e-03 -4.7203653e-03 -3.5710840e-04
-1.3794816e-03 -4.1764309e-03 5.0298872e-04
-3.8159098e-03 6.2085179e-04 3.5520330e-04
-2.9991677e-03 -3.4146006e-03 8.0696441e-04
-3.9023398e-03 -3.4045382e-04 1.5506963e-05
-4.0052292e-03 -2.2756023e-03 8.8681056e-04
2.1169392e-03 -2.2173286e-03 -1.7158937e-03
-2.2809026e-03 1.8540546e-03 4.9458386e-04
-3.9671272e-03 -1.1951578e-03 -9.7696666e-04
-5.0813669e-05 -1.8127748e-03 -1.9435253e-03
-1.2232913e-03 -3.0755346e-03 -1.9379221e-03
-1.3955909e-03 -1.0595595e-03 -1.1037399e-03
-2.5162386e-03 4.7127568e-03 -3.8092216e-04
8.1488669e-04 -9.9918456e-04 -1.1009383e-03
1.3464939e-03 -3.2023779e-03 -3.5019260e-03
1.2239231e-03 4.1971188e-03 -4.5656588e-04
2.0686113e-03 4.7065933e-03 1.3448753e-03
3.0757934e-03 4.2275864e-03 2.6609360e-03
-2.8914455e-03 -7.8437040e-04 -1.9365213e-03
-1.7688654e-04 3.7712727e-03 -3.8932702e-04
3.2831133e-03 -1.0029667e-03 1.2391142e-03
-1.1168298e-03 -4.7904758e-03 -1.2389181e-03
3.8546436e-03 1.6713890e-03 7.0820733e-04
-3.7530835e-03 -1.0063987e-03 2.1307295e-03
-4.5244393e-03 3.1405581e-03 1.9668348e-03
-3.0315265e-03 4.1516625e-03 -9.0762659e-04
2.7592105e-03 3.5734083e-03 -1.2795415e-03
1.8816032e-03 -4.2237783e-03 -1.9365213e-03
-2.4595058e-03 4.8080119e-03 1.3763935e-03
-1.6778127e-04 -2.9365743e-03 -3.1279099e-03
4.7098792e-04 4.6995192e-03 6.9419923e-04
-6.7697558e-04 1.4146906e-03 6.1505349e-04
-3.7408965e-03 3.0959423e-03 -1.4861610e-03
-3.8288673e-03 -1.4503153e-03 -1.8545739e-03
3.7376760e-03 4.3881658e-04 1.4548389e-03
-6.2234400e-04 4.4573892e-03 -1.6169546e-04
-2.9735616e-04 -4.0501479e-03 -1.8839909e-03
-4.3230029e-03 4.0568743e-04 1.5690048e-03
2.7459028e-03 1.3246886e-03 -1.0596144e-03
3.8630485e-03 -4.1056900e-03 8.4478627e-04
-3.9606134e-03 -2.7257525e-03 -7.6124198e-04
-4.6555551e-03 1.6620035e-03 1.5017660e-03
-2.5519593e-03 -6.0051413e-04 -1.1443634e-03
-4.8399016e-03 2.2441800e-03 4.0283083e-04
4.1754290e-03 6.1368420e-05 2.2533004e-03
-3.4199009e-03 -2.0977695e-03 1.8484664e-03
1.2169191e-03 4.6626078e-03 1.2594259e-03
6.6920248e-04 4.4183767e-03 1.9051992e-03
4.1747286e-03 -2.3619622e-03 9.0572149e-04
-4.2329308e-03 -1.0550068e-03 8.8821137e-04
4.7462589e-03 -1.8969635e-03 1.8463652e-03
-1.0972185e-03 -2.4038464e-03 -2.3784767e-03
1.5587166e-03 -2.0809598e-03 -2.2895253e-03
-4.9977316e-04 -5.1434098e-03 -8.4879258e-04
1.9446397e-03 -5.2517404e-05 -5.9874806e-04
2.7697579e-04 -4.4088252e-03 9.4074173e-04
2.2752307e-03 4.3251528e-03 2.3296445e-03
1.4487530e-03 1.9434962e-03 -1.1303553e-03
2.0889230e-03 -4.6265111e-03 1.0577093e-03
-3.3453078e-03 1.9386635e-03 -5.7563470e-04
-4.0700867e-03 1.6237614e-03 2.5628793e-03
1.9180243e-03 4.0478625e-03 -1.0356186e-04
-9.9916179e-04 2.9754727e-03 3.0267294e-04
3.6928501e-03 4.3940026e-03 1.7924340e-03
3.2719068e-03 -2.8850245e-03 -4.5096265e-04
2.8838825e-03 4.4925261e-04 2.9076606e-04
4.2545747e-03 -1.5720457e-03 3.0601667e-03

'j06_sas

4.3600830e-03 3.9529173e-03 2.8473576e-03
-3.2963370e-03 -3.6438714e-03 -9.2386648e-04
-3.8689309e-03 4.9288923e-03 6.6116351e-04
4.2978413e-03 -4.5654722e-03 1.2401318e-03
9.9697694e-04 8.9357336e-04 -6.5129705e-04
9.8817947e-04 -5.0536230e-03 -2.4442317e-03
-4.1356084e-03 2.1819660e-04 1.9630283e-03
3.9253334e-04 4.9532392e-03 1.1588582e-04
4.5692950e-03 -4.8916485e-04 3.1198977e-03
-4.0984258e-04 -4.2601670e-03 1.1082008e-03
3.5906841e-03 3.4349245e-03 -8.4152715e-04
-2.7290312e-03 3.1015771e-05 1.1461468e-06
-2.8030943e-04 -2.6913018e-03 -3.0242084e-03
3.2226336e-03 -2.6460244e-03 -9.9631849e-04
-4.1513888e-03 1.5262338e-03 -1.2536585e-03
-1.2096545e-03 1.6889945e-03 6.8904983e-04
-3.2279475e-03 -2.7416150e-03 1.3666163e-03
1.8256033e-03 -5.7019355e-03 4.3117170e-04
3.7057428e-03 1.1522819e-03 9.4916684e-04
-4.4337273e-03 3.2141879e-03 2.2473933e-03
-1.4722212e-03 5.4024578e-03 1.4823558e-03
-3.3112598e-03 -1.4654081e-03 -2.5783536e-03
1.2705995e-03 5.5562144e-03 1.9011837e-03
-4.1098576e-03 -1.3137582e-03 3.4211840e-04
4.2441538e-03 -1.0568190e-03 1.9227949e-03
-2.3766145e-03 -3.8899880e-03 -1.4882074e-03
2.3074496e-03 -3.5175737e-03 -3.0663795e-03
1.0402222e-03 2.6799726e-03 -7.6402669e-04
4.6896287e-03 2.8081300e-03 2.6470168e-03
-4.7020782e-03 1.1515520e-03 7.9910774e-04
-2.2581044e-03 4.2125840e-03 -3.9499044e-04
2.4952742e-04 -1.2461130e-03 -1.0939972e-03
3.6088207e-03 4.0757809e-03 3.6277839e-04
-6.5208676e-04 4.8419460e-04 4.0984405e-04
2.4067178e-03 -1.3879530e-03 2.6247083e-04
6.1416453e-04 -5.8470655e-03 -1.1195752e-03
2.6143554e-03 2.0315722e-03 -1.7244544e-03
5.0667665e-03 -3.1056501e-03 2.5635367e-03
4.2510647e-03 3.1025589e-03 9.6834460e-04
-2.0437148e-03 -4.3472822e-03 5.7664016e-04
-2.9544744e-03 1.0570261e-03 1.5437103e-04
1.3689005e-03 3.3423336e-03 -1.3197319e-03
-5.0345663e-03 3.5260258e-03 -3.6804681e-04
3.4568842e-03 -4.2476574e-03 -1.5985621e-04
9.0158766e-04 -3.9018970e-03 -4.0424327e-03
-2.2461693e-03 -2.5692767e-03 -2.7799643e-03
2.5167518e-03 -4.4839733e-03 -1.5938030e-03
1.3847586e-03 -1.6895543e-03 -8.4379014e-04
-3.9308447e-04 5.4007834e-03 1.6193704e-03
-3.5898368e-03 -7.0846759e-04 -1.1030369e-03
-4.0993914e-03 4.0528323e-03 2.2212357e-03
-4.3104720e-03 3.4424470e-03 -9.0371398e-04
-3.8863206e-03 -2.4660862e-03 -2.3744513e-04
-3.8551807e-03 -1.5030228e-03 1.5833617e-03
-5.9021248e-04 3.4049334e-03 -1.8348083e-05
-3.7899434e-03 -1.6288078e-03 -1.3202209e-03
1.0100216e-03 -5.3000877e-03 8.4257373e-04
3.4065846e-03 -5.0411190e-03 1.0793352e-03
1.3052256e-03 4.5063505e-03 4.7220377e-04
3.0809858e-03 1.7007094e-03 -7.5129636e-04
4.4653017e-03 7.2078868e-04 2.5602569e-03
-1.1447699e-03 -5.0501471e-03 4.0318800e-05
-4.3904861e-03 2.2886642e-04 1.0400378e-03
-2.8566226e-03 5.1437198e-03 7.7720341e-04
-1.9338582e-03 -1.1075140e-03 -1.5926462e-03
3.7670140e-03 -1.8958937e-04 1.7096527e-03
-2.4862129e-03 2.6817460e-03 -6.0367842e-05
5.0814689e-03 -2.7993856e-03 1.3737941e-03
3.0613171e-03 5.3269864e-03 2.0946666e-03
2.8068139e-03 9.0747382e-04 -2.6081021e-04
1.8209544e-03 -5.9184582e-03 -5.2965188e-04
-1.6209646e-03 9.7725238e-04 7.1234259e-04
-3.8514170e-03 1.1460728e-03 2.4727628e-03
4.3049030e-03 -3.3273444e-03 5.3592553e-04
-4.9186705e-03 2.7614834e-03 1.6259096e-03
3.3134327e-04 1.1553365e-03 -4.8060251e-05
-3.7270953e-03 1.1503142e-03 -5.6853958e-04
2.8248197e-03 -3.3899491e-03 -2.2837129e-03
9.7083529e-04 -2.0634786e-03 -1.8062381e-03
-2.7306400e-03 -4.3092598e-03 -2.7774555e-04
2.5948948e-04 -4.7782579e-03 -1.7533399e-03
5.0079135e-03 -1.6046181e-03 2.2570107e-03
3.0584562e-03 3.1176122e-03 -1.8764963e-03
-2.8224674e-04 -3.6890286e-03 -2.5290474e-03
-3.4132678e-04 -4.3243689e-04 -2.6900913e-04
-4.2132967e-03 4.6478568e-03 1.5569871e-03
3.7454337e-04 3.4133707e-03 -4.6637057e-04
-2.5098716e-03 -3.2762508e-03 1.4017364e-03
6.8137209e-04 -2.4147067e-03 -2.9776452e-03
-3.7579600e-03 -1.0849603e-04 -3.7358723e-04
1.6327766e-03 -4.3346366e-03 -3.3315343e-03
3.9472496e-03 3.1769626e-03 7.3570832e-06
4.2494358e-03 2.8881088e-03 3.4527916e-03
4.2253360e-03 3.7939931e-03 1.7215127e-03
4.4001537e-03 1.7277161e-03 3.2915676e-03
-1.9363122e-03 -1.5281944e-03 -2.6061249e-03
5.2101434e-05 2.4268889e-03 2.7108008e-05
-5.1223170e-03 3.3069506e-03 1.0548355e-03
8.5197975e-04 1.7498711e-03 -4.0943813e-04
-3.2696983e-03 -2.8862255e-03 -2.3906310e-03
-1.9568369e-03 5.0430996e-03 4.1697370e-04
2.4106487e-03 -1.9714135e-03 -5.0511667e-04
1.8321701e-03 2.7212117e-03 -1.6457363e-03
-1.4320110e-03 -6.3286985e-04 -4.7003622e-04
-3.5235528e-03 3.2034723e-03 -1.3317577e-03
2.4502026e-03 4.0195433e-03 -5.4937847e-04
-1.7503136e-03 1.8313874e-04 3.5297752e-04
-3.8071496e-03 4.2704971e-03 -1.4703373e-04
-5.0918250e-03 1.9361028e-03 -7.4977470e-05
8.3055303e-04 -5.9378636e-03 -1.7196440e-04
3.1978874e-03 -1.9050503e-03 1.1989219e-04
1.8010785e-03 -7.8788007e-04 -2.3182913e-04
4.6981576e-03 -4.0001466e-03 2.1095533e-03
4.4887309e-03 2.8270897e-03 1.7329116e-03
-3.4603629e-03 -3.4035244e-03 -1.5754690e-04
4.9122107e-03 -3.6227661e-03 1.2397979e-03
2.8959635e-03 -5.3706403e-03 5.0421265e-05
2.6976335e-03 -7.0070365e-04 6.0889153e-04
3.1544888e-03 -3.8601230e-03 -1.1144392e-03
-1.5399109e-03 3.6757319e-03 -2.9401617e-05
1.5565851e-03 -5.5152693e-03 -2.0246449e-03
5.5296464e-04 -4.4125186e-03 -2.8990554e-03
3.3165550e-03 2.3933128e-03 -1.1329152e-03
-2.4812603e-03 -3.0138026e-03 -2.1248054e-03
-4.8084450e-03 2.6198707e-03 -1.2735564e-03
-3.6784408e-04 5.2392058e-03 8.1426540e-04
-2.6777794e-03 -1.8762580e-03 -2.9318064e-03
-4.7766759e-03 4.3461007e-03 5.3236192e-04
3.6561817e-03 2.2150951e-03 -1.1328407e-04
-6.6036887e-06 -5.5457810e-03 -7.7288470e-05
2.9915648e-04 2.3579395e-04 -2.1681425e-04
4.4540750e-03 1.8991215e-03 1.8667966e-03
1.5653395e-03 2.6565760e-04 -9.5017033e-04
2.3234229e-03 -5.1693766e-03 -9.2697393e-04
-1.3530376e-03 -4.0789213e-03 1.0941888e-03
-4.4134495e-03 8.3968111e-04 -4.1215241e-05
-3.2955281e-03 -3.3268362e-03 6.5907498e-04
-4.1701215e-03 -3.5044334e-04 5.0168750e-04
-3.8494621e-03 -2.2489524e-03 8.0274073e-04
2.2566833e-03 -2.3241088e-03 -1.4819557e-03
-2.1686698e-03 1.7877131e-03 4.1397122e-04
-3.9563999e-03 -1.3692006e-03 -4.8847520e-04
-1.5649389e-04 -2.0881941e-03 -2.0572423e-03
-1.5795462e-03 -3.0822044e-03 -1.9570835e-03
-1.1043384e-03 -1.3040457e-03 -1.2531712e-03
-3.0154080e-03 4.6293761e-03 -3.0321681e-04
7.3023642e-04 -3.9746775e-04 -7.6872420e-04
1.7217840e-03 -3.0184061e-03 -3.8333589e-03
9.3762557e-04 4.0789418e-03 -8.6449516e-04
2.5922748e-03 4.8363225e-03 1.3349917e-03
3.4820142e-03 5.0692083e-03 2.8345034e-03
-2.8202173e-03 -9.9774485e-04 -1.6907327e-03
-2.7049419e-04 4.3603885e-03 -4.5747466e-04
3.5462494e-03 -1.1114439e-03 1.2543287e-03
-1.7428528e-03 -4.6986951e-03 -1.0884576e-03
4.0465887e-03 2.1147151e-03 8.5830659e-04
-3.5281781e-03 -5.7682016e-04 2.3095216e-03
-4.7438854e-03 3.8246951e-03 1.6522763e-03
-2.8635234e-03 3.5228424e-03 -6.6937061e-04
2.1553258e-03 3.6629339e-03 -1.5815864e-03
1.9690021e-03 -4.7153847e-03 -2.4074528e-03
-3.2340526e-03 5.0190110e-03 1.6512745e-03
3.0538004e-04 -2.9733083e-03 -3.8439341e-03
7.5883733e-04 5.3279776e-03 8.9528508e-04
-4.1893356e-04 1.6893508e-03 3.9897083e-04
-3.9691105e-03 2.3953785e-03 -1.4915549e-03
-3.6589253e-03 -2.1680344e-03 -2.0387712e-03
4.1116644e-03 1.0253698e-03 1.7246596e-03
-1.0666098e-03 4.8902282e-03 6.1264994e-05
-8.0147886e-04 -4.1206907e-03 -1.6116109e-03
-4.4577003e-03 1.1909638e-03 1.8718852e-03
2.4080344e-03 1.1116765e-03 -1.1470333e-03
4.1236367e-03 -4.1859669e-03 4.3533592e-04
-3.7217797e-03 -2.6541306e-03 -1.2621496e-03
-4.8009930e-03 1.8690408e-03 1.4972782e-03
-2.4293836e-03 -6.8907103e-04 -7.5796829e-04
-5.1955230e-03 2.5267946e-03 6.1285687e-04
4.1646768e-03 -1.2881575e-04 2.4822700e-03
-2.8812179e-03 -2.1520469e-03 1.9288956e-03
1.6151561e-03 5.1205344e-03 1.2181410e-03
4.6183581e-04 5.3706718e-03 1.7260540e-03
4.2815557e-03 -2.0332541e-03 1.1180702e-03
-4.1999284e-03 -6.5418544e-04 1.2918790e-03
5.0963169e-03 -2.2992027e-03 2.7225243e-03
-1.1267671e-03 -2.2820037e-03 -2.5192092e-03
1.8806207e-03 -2.5212100e-03 -2.5830082e-03
-4.7469713e-04 -5.0629278e-03 -9.9214019e-04
2.2502741e-03 4.6367689e-05 -2.7905507e-04
-8.6814067e-06 -4.9847049e-03 7.0605802e-04
2.1773840e-03 5.6807013e-03 2.1650916e-03
1.5469362e-03 1.5753202e-03 -1.1396074e-03
2.3212144e-03 -5.0729983e-03 1.2540836e-03
-3.3312543e-03 2.1100170e-03 -5.5636139e-04
-4.2549111e-03 2.1894481e-03 2.3775503e-03
2.3669945e-03 4.3866992e-03 4.9125158e-04
-1.4085407e-03 2.7371243e-03 3.2659604e-04
3.5367379e-03 4.6357869e-03 1.6051830e-03
3.7637259e-03 -2.7515190e-03 -9.0258329e-05
3.1874445e-03 1.5243150e-04 7.3509351e-04
4.8542596e-03 -1.3864039e-03 3.0523645e-03

'x03_sas

1.3843214e-02 1.3908888e-02 1.3164271e-02
-1.2905778e-02 -1.1177731e-02 -8.5087607e-03
-6.9476990e-03 2.0962999e-02 6.4399073e-03
1.2837721e-02 -2.0167101e-02 5.4044247e-03
4.4122164e-03 4.6923730e-03 -5.6987893e-03
5.6251829e-03 -2.3111692e-02 -7.9572274e-03
-1.4140006e-02 4.4353563e-03 1.0646285e-02
-2.7621140e-03 1.8880892e-02 -3.3733939e-03
1.7430059e-02 -3.7053171e-03 1.0430981e-02
-2.5803584e-03 -2.0331253e-02 5.0162426e-03
1.0420341e-02 1.3058727e-02 -4.4665259e-03
-8.8896230e-03 -2.4943301e-03 -4.0896733e-03
-3.4829143e-03 -1.4648457e-02 -7.1540860e-03
1.4356062e-02 -7.8097050e-03 -7.3891728e-03
-1.4287887e-02 9.2867805e-03 -5.0248583e-03
-7.8350248e-03 5.8610421e-03 9.1205981e-04
-1.0328120e-02 -1.1914515e-02 7.5026333e-03
5.5130876e-03 -2.3498370e-02 1.0831936e-03
1.2096642e-02 5.9373999e-03 4.3456107e-03
-1.5167860e-02 1.5468566e-02 1.1109899e-02
-3.4219642e-03 2.1276473e-02 7.7541205e-03
-1.0290561e-02 -1.0425023e-02 -1.5301729e-02
2.9328889e-03 2.1099539e-02 1.2063772e-02
-1.3104988e-02 -4.4706849e-03 4.3176424e-03
1.7351164e-02 -3.0576560e-03 6.6055319e-03
-8.1421356e-03 -1.8167679e-02 -2.5243776e-03
8.8204472e-03 -1.6103475e-02 -1.0105508e-02
-1.5298344e-04 7.2385979e-03 -1.1959441e-03
1.3980138e-02 1.0385148e-02 7.2951454e-03
-1.6325136e-02 6.0329305e-03 9.9498632e-04
-1.2506929e-02 1.8921609e-02 6.6592709e-05
-3.6595250e-03 -1.0963378e-02 -7.9511376e-03
1.1049618e-02 1.5891647e-02 -5.7635007e-04
-6.0996430e-03 -7.9823352e-04 -1.7807259e-03
8.7472152e-03 -3.3095753e-03 -1.4899715e-03
3.8309773e-03 -1.7954590e-02 -6.8817895e-03
8.1842838e-03 5.9735528e-03 -4.0756141e-03
1.9131233e-02 -1.2557032e-02 6.1404712e-03
1.2636635e-02 1.3424098e-02 2.9853750e-03
-7.5027424e-03 -1.9095491e-02 1.1815216e-03
-1.1176485e-02 4.2354748e-03 1.2218302e-03
4.0683857e-03 1.6084905e-02 -6.8250641e-03
-1.9008023e-02 1.2053829e-02 -1.8343941e-03
1.3830222e-02 -1.6797879e-02 -3.3177062e-03
5.9993335e-03 -1.9678528e-02 -9.0030584e-03
-6.6337986e-03 -1.4986361e-02 -9.9932539e-03
1.2464663e-02 -1.6795737e-02 -6.5216641e-03
5.3609776e-03 -6.4763003e-03 -9.1264896e-03
1.2723407e-03 2.1127630e-02 5.0565742e-03
-1.3697291e-02 -1.7917172e-03 -5.1559839e-03
-1.0869377e-02 1.9221032e-02 1.0753874e-02
-1.6891627e-02 1.6916272e-02 -6.4188804e-04
-1.3186298e-02 -7.9445367e-03 2.5260203e-03
-1.1869695e-02 -8.2978694e-03 6.2569439e-03
-6.2099911e-03 1.7609592e-02 -2.6654581e-03
-1.2303660e-02 -9.9715853e-03 -1.1911693e-02
4.6947725e-03 -2.2198231e-02 4.1917950e-03
8.5246678e-03 -2.2399469e-02 -1.1000907e-03
8.6992401e-03 1.9859240e-02 5.7438073e-03
1.1118170e-02 8.7848819e-03 -1.4796480e-04
1.2964530e-02 2.2953348e-03 1.0754455e-02
-4.8429069e-03 -2.0454167e-02 2.5825959e-03
-1.6360964e-02 4.6207143e-03 5.3746567e-03
-6.3000193e-03 2.0986724e-02 2.8457173e-03
-8.5231985e-03 -5.1539668e-03 -7.2209015e-03
1.4684155e-02 -4.2821033e-04 5.6557389e-03
-9.1626711e-03 1.4851782e-02 -9.1953130e-04
1.8076789e-02 -1.2623299e-02 2.0361011e-03
1.1441478e-02 1.8784936e-02 8.3910326e-03
6.3154668e-03 1.1376013e-03 -2.0732913e-03
5.5900417e-03 -2.3753136e-02 -2.5050585e-03
-6.1108208e-03 2.2760421e-03 4.1330442e-04
-1.6604454e-02 7.7194517e-03 8.4790706e-03
1.6208422e-02 -1.4261015e-02 -1.0328930e-03
-1.6819198e-02 1.3864208e-02 8.2066034e-03
2.4109281e-03 6.0495844e-03 -3.2954672e-03
-1.2644155e-02 7.1709422e-03 -1.5967046e-03
1.2981760e-02 -1.2735957e-02 -1.0074598e-02
5.0969027e-03 -1.0650526e-02 -8.0501079e-03
-1.0453140e-02 -1.6643174e-02 3.3511360e-04
-3.4041393e-04 -1.8345859e-02 -5.1868774e-03
1.9341156e-02 -7.8622286e-03 6.9736663e-03
8.0561089e-03 1.5120082e-02 -7.0982244e-03
-3.3574260e-04 -1.3669192e-02 -5.8433707e-03
-2.8101866e-03 8.7302787e-04 -1.0536277e-03
-1.1843468e-02 1.9817199e-02 6.9142712e-03
2.7621374e-03 1.3202107e-02 -5.5208194e-03
-8.9549422e-03 -1.5866615e-02 6.4024559e-03
1.3776249e-03 -1.0722512e-02 -6.0598436e-03
-1.4885816e-02 3.0646307e-03 2.3849440e-03
9.5653434e-03 -1.9851610e-02 -8.3109532e-03
1.2991955e-02 9.7510535e-03 4.2274768e-03
1.1560232e-02 1.8512559e-02 1.3443278e-02
1.3363257e-02 1.6300844e-02 9.9602421e-03
1.3935377e-02 8.3613548e-03 1.0094287e-02
-9.9948845e-03 -7.3102955e-03 -1.2771649e-02
-4.7555144e-03 1.4523616e-02 -9.8174175e-04
-1.7714807e-02 1.4892456e-02 4.7081142e-03
3.2937761e-03 9.8647319e-03 -4.9333252e-03
-1.0784301e-02 -1.4671964e-02 -7.6218329e-03
-7.2345489e-03 2.0026668e-02 -6.1290680e-04
1.3326533e-02 -4.9409105e-03 -2.9026954e-03
7.1144093e-03 1.1454866e-02 -8.5587800e-03
-4.2053691e-03 -3.6873865e-03 -4.3020074e-03
-1.3121515e-02 1.5342975e-02 -2.2960469e-03
7.6356489e-03 1.7759367e-02 -2.4053419e-03
-9.2677516e-03 8.9026506e-04 -6.9857285e-04
-1.4926708e-02 1.8542415e-02 3.7173970e-03
-1.7032578e-02 7.9742200e-03 -3.2520930e-03
2.0281338e-03 -2.3224099e-02 1.2430828e-03
1.5944573e-02 -5.7357179e-03 1.8681702e-04
5.4266159e-03 -4.3649634e-03 -5.2365122e-03
1.6748089e-02 -1.7021019e-02 7.3485219e-03
1.3845387e-02 1.3885609e-02 7.6915126e-03
-1.0460036e-02 -1.6197815e-02 -3.7229054e-03
1.6763443e-02 -1.6518298e-02 3.1945908e-03
1.1668779e-02 -2.0769550e-02 3.9511318e-04
1.3339207e-02 -2.4985979e-03 1.8178801e-03
1.5019701e-02 -1.3278886e-02 -4.9991496e-03
-3.9068525e-03 2.0856922e-02 -1.8726399e-04
1.1197017e-03 -2.2812163e-02 -7.1047962e-03
5.5324056e-03 -1.4553241e-02 -7.4971307e-03
9.0955153e-03 9.3841669e-03 -5.0775940e-03
-1.0783308e-02 -1.3131013e-02 -1.1408838e-02
-1.7517413e-02 1.5196895e-02 -5.0427762e-03
-2.6110487e-03 2.1534833e-02 3.0500816e-03
-6.8913911e-03 -1.1280902e-02 -1.2012720e-02
-1.8714288e-02 1.3037505e-02 1.8482950e-03
1.1858472e-02 1.2210160e-02 -4.9857362e-04
-2.2319542e-03 -2.2081171e-02 3.3314735e-04
-8.0027407e-04 3.6586912e-03 -1.1091378e-03
1.2790428e-02 5.4434889e-03 1.1616671e-02
1.4107347e-03 2.3650999e-03 -3.6084453e-03
1.0218830e-02 -2.0769038e-02 -3.7597551e-03
-6.2036305e-03 -1.8682754e-02 5.3342654e-03
-1.3978555e-02 1.5112243e-03 -8.2430891e-04
-1.2104829e-02 -1.3624391e-02 2.0802922e-03
-1.3692466e-02 -4.0971919e-03 -6.9471778e-04
-1.2390283e-02 -1.1108734e-02 4.1898536e-03
9.7160217e-03 -5.6314532e-03 -7.3545429e-03
-7.7880367e-03 9.5534539e-03 -5.7269010e-04
-1.3460334e-02 -9.0345986e-03 -1.3568169e-03
4.1705290e-04 -7.2180798e-03 -6.5881154e-03
-5.2158611e-03 -1.7581924e-02 -5.4366673e-03
-3.4711985e-03 -5.3782111e-03 -7.7110164e-03
-9.7851386e-03 2.0417443e-02 3.8714125e-03
4.2638624e-04 -2.2243566e-03 -4.9887699e-03
1.0928153e-02 -8.5167235e-03 -1.1832365e-02
6.2602124e-04 1.6090134e-02 -4.4843183e-03
5.1693478e-03 2.1352895e-02 8.0552913e-03
8.5745349e-03 2.0832815e-02 9.5082166e-03
-1.1905538e-02 -5.4070820e-03 -1.0005621e-02
-1.0417898e-03 1.2362008e-02 -1.5756680e-03
1.7988868e-02 -5.6869439e-03 4.1494511e-03
-5.1249025e-03 -2.0396889e-02 -1.9021903e-03
1.3185706e-02 5.3738921e-03 7.9397668e-03
-1.0210385e-02 -2.0253019e-03 9.5692170e-03
-1.4902372e-02 1.8170552e-02 8.2447525e-03
-9.6357784e-03 1.1833152e-02 -2.3363297e-03
4.1212388e-03 1.8351319e-02 -2.7647361e-03
7.4094212e-03 -2.2491621e-02 -5.0964912e-03
-6.3260208e-03 2.0284264e-02 1.0649075e-02
8.4060887e-03 -1.1948275e-02 -1.0096960e-02
6.0241348e-03 1.8843891e-02 1.8913886e-04
-4.4973816e-03 5.5951691e-03 9.0191266e-04
-1.6579561e-02 1.1217312e-02 -7.0305487e-03
-1.3328338e-02 -6.7276340e-03 -5.5531148e-03
1.1080541e-02 1.9724169e-03 5.1648445e-03
1.5994936e-03 1.9579550e-02 -2.6634437e-04
-2.3416428e-03 -2.2058986e-02 -4.1296874e-03
-1.3914090e-02 6.1676813e-04 7.5424010e-03
9.1392865e-03 4.7497816e-03 5.2315278e-04
1.4412973e-02 -1.8158914e-02 4.5902240e-04
-1.2819787e-02 -1.2806910e-02 -3.7319251e-03
-1.7739760e-02 1.0574962e-02 6.1956068e-03
-1.1467233e-02 -3.4798925e-04 -3.2432785e-03
-1.8519661e-02 9.7953860e-03 2.8566757e-03
1.5361354e-02 -5.9207660e-04 1.0501576e-02
-9.8368249e-03 -6.5924123e-03 8.8797596e-03
6.0306512e-03 1.9887603e-02 3.4763367e-03
5.6140527e-04 2.1000734e-02 9.7444961e-03
1.8751320e-02 -9.2272737e-03 3.3752728e-03
-1.4549531e-02 -4.0623675e-04 3.3368385e-03
1.8899211e-02 -1.0262021e-02 9.9233027e-03
-6.1274915e-03 -7.1629876e-03 -1.0256768e-02
7.8206968e-03 -8.3043272e-03 -1.0414887e-02
7.6456107e-04 -2.3246748e-02 -2.5244150e-03
4.2360622e-03 -9.3993116e-04 -4.4029468e-03
1.0082218e-03 -2.1622013e-02 4.5375851e-03
6.4627897e-03 2.1136762e-02 1.2717788e-02
6.6056853e-03 7.6564128e-03 -6.9680691e-03
8.5341566e-03 -2.2269989e-02 2.3839262e-03
-1.1999311e-02 1.1728039e-02 -4.5465544e-03
-1.5807544e-02 1.1413571e-02 1.0764939e-02
1.0335369e-02 1.7994096e-02 2.9959425e-03
-4.1956071e-03 1.0651568e-02 2.8930034e-04
1.2205471e-02 1.6854413e-02 5.8371287e-03
1.6686678e-02 -9.6613393e-03 -1.7815279e-03
9.1090603e-03 -4.8910989e-04 2.4032772e-03
1.8553853e-02 -6.7367608e-03 1.0278031e-02

'x04_sas

1.6608627e-02 1.4660035e-02 1.6323279e-02
-1.4669292e-02 -1.4210656e-02 -1.0181451e-02
-1.1311072e-02 2.2519940e-02 8.5776735e-03
1.3757460e-02 -2.2435176e-02 8.2807719e-03
9.1142411e-03 6.5304903e-03 -1.0036573e-02
7.9738909e-03 -2.5703583e-02 -8.5345069e-03
-1.6038672e-02 3.7259743e-03 1.3426277e-02
-4.0242928e-03 2.1660567e-02 -4.7270638e-03
1.8465450e-02 -6.0871118e-03 1.3326034e-02
-2.1928927e-03 -2.4340883e-02 5.4782766e-03
1.0051457e-02 1.6864929e-02 -7.7871532e-03
-8.6596820e-03 -2.6715230e-03 -2.0171688e-03
-3.2784745e-03 -1.3239745e-02 -8.1585328e-03
1.5952105e-02 -1.3428598e-02 -1.0661388e-02
-1.5439383e-02 1.1587523e-02 -7.9469860e-03
-1.1007694e-02 4.6137574e-03 1.6251925e-03
-1.4549507e-02 -1.1364915e-02 1.0858213e-02
6.9955421e-03 -2.7097685e-02 -2.9960439e-03
1.2818907e-02 3.2474000e-03 1.6407287e-03
-1.5447728e-02 1.8300372e-02 1.3729893e-02
-3.4122899e-03 2.3882466e-02 1.2786956e-02
-9.3421099e-03 -1.1658511e-02 -1.5522511e-02
1.8991845e-03 2.4349388e-02 1.3042584e-02
-1.6539028e-02 -6.1291298e-03 2.5339783e-03
1.6622672e-02 -4.7130033e-03 7.1499485e-03
-1.0141166e-02 -2.0480246e-02 -4.1195809e-03
7.8564992e-03 -1.3934176e-02 -1.1013455e-02
9.4938917e-04 1.0734521e-02 -4.5582224e-03
1.6503927e-02 1.2952407e-02 9.9910274e-03
-1.7857844e-02 5.3909696e-03 -9.3872364e-04
-1.5557320e-02 1.7137861e-02 -1.9869949e-05
-2.4158197e-03 -7.5699255e-03 -7.1722474e-03
1.3253933e-02 1.6699220e-02 -2.0902655e-03
-6.6272251e-03 5.7293145e-03 1.7360335e-03
1.0063691e-02 -4.9820194e-03 -3.0553559e-03
4.1259285e-03 -2.2645410e-02 -7.2969779e-03
1.1819616e-02 8.3585465e-03 -8.0892071e-03
1.9217160e-02 -1.3010909e-02 3.5332184e-03
1.5209301e-02 1.4117982e-02 1.5776536e-03
-1.0522894e-02 -1.9981386e-02 8.6309154e-03
-1.5015598e-02 3.3409831e-03 1.7781366e-03
4.2726947e-03 1.8015779e-02 -9.2305998e-03
-2.2277021e-02 1.1791997e-02 -1.1767257e-03
1.4830026e-02 -2.0410382e-02 -1.6822580e-03
6.5776526e-03 -1.7563815e-02 -7.5640651e-03
-9.5158523e-03 -1.6125727e-02 -1.3434884e-02
1.5367420e-02 -1.8495347e-02 -5.7657640e-03
5.1503606e-03 -4.2939861e-04 -6.9766915e-03
-1.7837020e-03 2.4301957e-02 8.6740757e-03
-1.5997192e-02 -5.1552931e-03 -2.3537068e-03
-1.1524844e-02 2.1768677e-02 1.3134952e-02
-2.1396204e-02 1.6513635e-02 -1.6397694e-03
-1.6262338e-02 -1.1516465e-02 2.6936595e-03
-1.6194131e-02 -6.3087063e-03 7.6436629e-03
-4.0187513e-03 1.5170749e-02 -1.3830184e-03
-1.0993536e-02 -8.9517618e-03 -1.1695886e-02
8.6316082e-03 -2.4479511e-02 5.9767842e-03
8.4537677e-03 -2.5764249e-02 1.7972398e-03
7.5850902e-03 2.1799442e-02 3.1240311e-03
1.4487174e-02 8.7389591e-03 -1.4955827e-03
1.3922978e-02 1.6675200e-03 1.1576082e-02
-1.0307231e-02 -2.1374819e-02 2.9768194e-03
-2.1005644e-02 7.6761779e-03 3.3504722e-03
-7.2644037e-03 2.3434579e-02 9.7359915e-03
-5.6139402e-03 -5.7772261e-03 -4.8333032e-03
1.3783915e-02 -2.1528101e-03 8.4004009e-03
-6.2386297e-03 1.8482342e-02 -1.7260491e-03
1.7183451e-02 -1.7354977e-02 -1.3327738e-03
9.5247792e-03 2.2682004e-02 8.2448599e-03
1.0109086e-02 3.5733149e-04 -2.3025088e-03
1.0275062e-02 -2.5845518e-02 -4.9186216e-03
-4.4325944e-03 8.6715564e-03 -3.0821788e-04
-1.9203732e-02 6.7481332e-03 8.4104065e-03
1.8334901e-02 -1.3170557e-02 -3.0030877e-03
-1.8327815e-02 1.5638194e-02 1.0773401e-02
4.5685834e-03 3.8812748e-03 -5.9876251e-03
-1.4999134e-02 8.0922759e-03 -5.5001841e-03
1.4129121e-02 -1.7188238e-02 -1.1803885e-02
6.8361747e-03 -8.4887162e-03 -9.8567348e-03
-1.1788860e-02 -1.9984476e-02 -4.5747758e-04
-5.4458654e-04 -1.8424994e-02 -4.3433658e-03
2.0075332e-02 -1.0365671e-02 8.8086449e-03
7.5007602e-03 1.5203014e-02 -1.1993934e-02
8.1546753e-04 -1.1673259e-02 -5.0030273e-03
-3.9936515e-03 2.1132737e-03 8.7303566e-04
-1.4917524e-02 2.1167413e-02 6.6445521e-03
3.7368921e-03 1.2485385e-02 -9.3902777e-03
-1.4254770e-02 -1.5802600e-02 7.4157940e-03
4.6434009e-03 -1.3287333e-02 -7.5261920e-03
-1.8603485e-02 3.9111935e-03 4.8402461e-03
9.9383103e-03 -1.7220548e-02 -1.0734362e-02
1.5483282e-02 8.0713407e-03 4.4700262e-03
1.4445756e-02 2.0073467e-02 1.6420856e-02
1.5189361e-02 1.8498143e-02 1.1766387e-02
1.6411304e-02 9.0541868e-03 1.5556979e-02
-7.9109802e-03 -7.4038572e-03 -7.6099722e-03
-1.9566020e-03 1.1546008e-02 -1.9804896e-03
-2.1161121e-02 1.3606274e-02 5.0169719e-03
5.7230609e-03 7.1652900e-03 -7.8463884e-03
-1.1731821e-02 -1.8061936e-02 -1.0287145e-02
-7.7141968e-03 2.2074555e-02 -1.0393410e-03
1.4572899e-02 -6.2194154e-03 -2.9114076e-03
6.0113623e-03 9.7129190e-03 -1.0654344e-02
-4.8283427e-03 -1.7176875e-03 -9.4814284e-04
-1.6324846e-02 1.4582503e-02 -4.0948607e-03
9.9555945e-03 1.9434346e-02 -2.1909983e-03
-9.3174565e-03 5.4804140e-04 7.2836661e-04
-1.5424097e-02 2.0477701e-02 1.9492035e-03
-2.0939134e-02 7.9110185e-03 -4.3640527e-03
2.7102835e-03 -2.6642647e-02 -2.2182798e-03
1.7582159e-02 -9.2731113e-03 -2.9271541e-03
7.0602402e-03 -5.3395468e-03 -6.1701218e-03
1.6682149e-02 -1.9733039e-02 1.0862871e-02
1.5747975e-02 1.2728011e-02 5.5633253e-03
-1.4425254e-02 -1.6781683e-02 -3.5863583e-03
1.8655631e-02 -1.7019414e-02 7.3581642e-03
1.2543574e-02 -2.4254230e-02 -1.2256468e-04
1.1253481e-02 -3.0975974e-03 3.5617010e-03
1.7122120e-02 -1.4631630e-02 -6.9106519e-03
-3.3291847e-03 2.3181467e-02 -6.1552544e-04
3.9489392e-03 -2.6716247e-02 -6.5012265e-03
3.0817417e-03 -1.6680237e-02 -5.3083429e-03
1.1972665e-02 1.2625277e-02 -9.1097822e-03
-1.3013213e-02 -1.3123917e-02 -1.4600232e-02
-2.1290329e-02 1.3916759e-02 -5.8070191e-03
-7.5077222e-03 2.3950421e-02 4.2591224e-03
-6.5688860e-03 -1.2563489e-02 -1.2198212e-02
-1.9181801e-02 1.8626424e-02 1.8892125e-03
1.3796726e-02 1.3009156e-02 -4.8606131e-03
-2.2786759e-03 -2.5538149e-02 -5.8396987e-05
1.6998159e-03 3.6316186e-03 -2.8731607e-03
1.5260448e-02 5.0381267e-03 1.4433521e-02
9.4373642e-03 3.0569888e-03 -7.6630434e-03
1.2299528e-02 -2.2702266e-02 -5.9500793e-03
-7.2619309e-03 -2.2827767e-02 5.7081391e-03
-1.3927852e-02 6.2627530e-03 -1.8912397e-03
-1.3572766e-02 -1.7944130e-02 2.8261418e-03
-1.4119596e-02 -1.6758960e-04 -8.0066400e-04
-1.5680850e-02 -1.2061109e-02 6.8710584e-03
1.0677809e-02 -6.9507193e-03 -8.3196219e-03
-9.3985777e-03 7.7457163e-03 -1.2359962e-03
-1.6245910e-02 -1.0984033e-02 -2.8384382e-03
2.6300115e-03 -5.7738727e-03 -6.7589827e-03
-5.7542729e-03 -1.8378061e-02 -8.2429677e-03
-1.3303008e-03 -4.0383452e-03 -3.3434554e-03
-1.1708700e-02 2.2412668e-02 3.3861176e-03
1.6898144e-03 -9.0628287e-04 -3.9989261e-03
1.3975764e-02 -1.1963688e-02 -1.4079977e-02
1.3700106e-03 2.1067421e-02 -5.0210320e-03
6.8645700e-03 2.4096131e-02 1.0774763e-02
1.2222839e-02 2.2167672e-02 1.2603333e-02
-1.2947772e-02 -4.8593893e-03 -6.5589645e-03
-7.4273793e-04 1.6958360e-02 -5.6510787e-03
1.6847410e-02 -6.9926776e-03 4.6424671e-04
-7.1634453e-03 -2.3498934e-02 4.2697405e-04
1.6363489e-02 7.5729630e-03 1.0440140e-02
-1.5292440e-02 -1.6983468e-03 1.1955989e-02
-1.8554291e-02 1.8290722e-02 6.6315772e-03
-1.1458039e-02 1.8427666e-02 1.3369212e-03
5.6050087e-03 1.9903565e-02 -4.9457952e-03
1.1644441e-02 -2.0657171e-02 -1.0977424e-02
-7.7193153e-03 2.3056850e-02 1.3656827e-02
1.0724456e-02 -1.3745491e-02 -1.4835140e-02
2.6693190e-03 2.1824974e-02 -1.0179100e-03
-2.6016589e-04 7.5734081e-03 -2.0208816e-03
-1.9279044e-02 1.0423358e-02 -9.1127174e-03
-1.5392856e-02 -9.9319063e-03 -7.9493219e-03
1.4887180e-02 4.4769595e-03 7.5598386e-03
-1.4734196e-03 2.3976819e-02 3.6896636e-03
-5.0995902e-03 -2.2553743e-02 -4.2353362e-03
-1.7415267e-02 1.9164515e-03 8.6512373e-03
1.2216698e-02 5.2365794e-03 -4.3296405e-03
1.6554203e-02 -1.9262547e-02 2.2088402e-03
-1.5641456e-02 -1.4307785e-02 -7.3424593e-04
-1.9403117e-02 1.1082596e-02 9.6483492e-03
-1.2308084e-02 -2.5099321e-03 -3.4121028e-03
-2.1609540e-02 8.0943682e-03 -4.6621706e-04
1.5179775e-02 -2.3364901e-03 1.3393767e-02
-1.4984431e-02 -7.0238625e-03 1.1239818e-02
2.9995676e-03 2.2880606e-02 3.7429026e-03
3.0134291e-03 2.3979545e-02 7.9635163e-03
1.8833736e-02 -8.7153751e-03 4.3760562e-03
-1.6685824e-02 -7.5725595e-04 4.2336768e-03
1.9221370e-02 -1.5629459e-02 1.2618833e-02
-4.8245136e-03 -9.5627879e-03 -9.6414530e-03
1.1623231e-02 -9.0199478e-03 -1.2216270e-02
-4.6500075e-04 -2.4784817e-02 -5.5192582e-03
8.8235169e-03 -2.6587039e-03 -1.9970863e-05
3.8947315e-03 -2.6085873e-02 2.1641048e-03
7.5475437e-03 2.4126276e-02 1.4621537e-02
9.8223008e-03 1.0182966e-02 -1.1718514e-02
1.2733905e-02 -2.3135387e-02 4.2711631e-03
-1.0121974e-02 1.1966596e-02 -3.0771636e-03
-1.7094272e-02 9.3893066e-03 1.3746387e-02
1.2672587e-02 1.8927160e-02 2.1722288e-03
-8.3656966e-03 1.4741829e-02 7.3421363e-05
1.4172553e-02 1.8148323e-02 6.7194803e-03
1.5422700e-02 -7.9683648e-03 -6.6122656e-03
1.2123649e-02 9.9941405e-04 6.7937341e-03
2.0048202e-02 -1.0958639e-02 1.3405349e-02

'x21_sas

1.5425718e-02 1.4586421e-02 1.6953325e-02
-1.3590354e-02 -1.3891998e-02 -6.3621837e-03
-1.0648395e-02 2.2987540e-02 4.9640065e-03
1.4695220e-02 -2.1223755e-02 7.6327754e-03
5.8971634e-03 2.7306186e-03 -7.2058841e-03
7.2003422e-03 -2.3804295e-02 -1.0106626e-02
-1.7276491e-02 3.9205016e-03 1.1408926e-02
-1.4798331e-03 2.1911780e-02 -3.6288110e-03
1.7680005e-02 -4.5132600e-03 9.2928561e-03
-1.9012204e-03 -2.4081643e-02 4.9551636e-03
1.1303846e-02 1.5768692e-02 -6.3324977e-03
-8.8763487e-03 -2.9940896e-03 -4.5458818e-03
-4.2890462e-03 -1.2914122e-02 -8.5644867e-03
1.5383353e-02 -9.0625897e-03 -9.8300410e-03
-1.7697312e-02 9.9907701e-03 -5.2353148e-03
-9.9978097e-03 4.3449720e-03 2.6567733e-03
-1.3233993e-02 -1.1617339e-02 9.7149804e-03
7.6301741e-03 -2.4594311e-02 -4.9803833e-04
1.2467870e-02 5.0313880e-03 1.5277911e-03
-1.8185980e-02 1.9135726e-02 1.1079380e-02
-2.3116535e-03 2.3182608e-02 1.0805590e-02
-1.1170873e-02 -7.7845273e-03 -1.4650677e-02
3.8124625e-03 2.3513700e-02 1.4321015e-02
-1.5315291e-02 -6.2074548e-03 2.6557413e-03
1.7694291e-02 -5.6024735e-03 4.9978214e-03
-8.7583358e-03 -2.0199687e-02 -3.8524190e-03
8.2379528e-03 -1.5469933e-02 -9.2956916e-03
1.6989403e-03 9.6425606e-03 -2.4784461e-03
1.6020436e-02 1.2190762e-02 1.0361290e-02
-1.7997513e-02 7.5474123e-03 1.0216663e-03
-1.4434420e-02 1.8941351e-02 1.7603716e-04
-1.1310808e-03 -1.1259044e-02 -6.1104128e-03
1.3551411e-02 1.4285573e-02 -2.4760651e-03
-5.6540268e-03 1.5763010e-03 7.1065387e-04
1.0008271e-02 -3.8844622e-03 -1.9413668e-03
2.5865093e-03 -2.0765998e-02 -7.3203086e-03
1.0572261e-02 6.5763879e-03 -5.2658252e-03
2.0402667e-02 -1.2091196e-02 7.0109505e-03
1.4228215e-02 1.5355645e-02 1.1447461e-03
-1.0312784e-02 -1.9797561e-02 5.0445952e-03
-1.4484655e-02 5.0289218e-03 3.1284522e-03
4.5474966e-03 1.5706810e-02 -7.7967791e-03
-2.1724468e-02 1.5696569e-02 -2.1007448e-03
1.5422342e-02 -1.7714524e-02 -2.7463534e-03
6.2729665e-03 -1.9424582e-02 -9.0962611e-03
-7.1918482e-03 -1.6076035e-02 -1.1598341e-02
1.3906061e-02 -1.7499122e-02 -7.7191386e-03
4.1127938e-03 -5.2226278e-03 -8.9268770e-03
-1.0312811e-03 2.3054529e-02 5.3109930e-03
-1.4614303e-02 -6.1058695e-03 -6.0665179e-03
-1.1980349e-02 2.2323802e-02 9.7086846e-03
-1.9254239e-02 1.8486273e-02 -1.6255977e-03
-1.4752459e-02 -1.1048920e-02 1.4623460e-03
-1.4685137e-02 -9.4486537e-03 5.9300598e-03
-2.6071128e-03 1.7729712e-02 -1.9662836e-03
-1.3307920e-02 -8.0473696e-03 -1.0877964e-02
5.8483652e-03 -2.4281226e-02 4.4095958e-03
1.0592365e-02 -2.3593069e-02 2.2372727e-03
9.6207691e-03 2.0259111e-02 3.3847341e-03
1.3465928e-02 8.6840451e-03 -2.2138024e-04
1.3253777e-02 1.4964216e-03 1.0573210e-02
-5.8424544e-03 -2.2956617e-02 3.1008051e-03
-1.9330670e-02 6.3283343e-03 6.5471382e-03
-6.2177898e-03 2.3306545e-02 4.8525549e-03
-6.7698133e-03 -5.1648705e-03 -8.3094428e-03
1.3283421e-02 -1.5664973e-03 6.6809316e-03
-5.8291977e-03 1.6387859e-02 7.5307041e-04
1.9103554e-02 -1.3652452e-02 1.8838659e-03
1.2787787e-02 1.9940900e-02 1.0808695e-02
9.0082759e-03 1.6056304e-03 1.4979131e-04
8.0998102e-03 -2.4405629e-02 -4.3909280e-03
-5.6909287e-03 5.8215231e-03 2.5315265e-03
-1.9142169e-02 7.6341979e-03 1.1082246e-02
1.7941727e-02 -1.3800708e-02 -1.8254808e-03
-1.9671372e-02 1.5115083e-02 1.0792400e-02
2.8328130e-03 5.8347170e-03 -3.6494855e-03
-1.5063644e-02 9.4393606e-03 -2.3841887e-03
1.3555250e-02 -1.4464613e-02 -1.1347653e-02
6.6053057e-03 -8.9773817e-03 -9.7379555e-03
-1.0528233e-02 -1.9618112e-02 5.4413803e-04
-9.0223536e-04 -1.9400424e-02 -4.7245146e-03
1.9722963e-02 -8.0104009e-03 8.2804976e-03
7.9270339e-03 1.4936378e-02 -1.0330418e-02
4.0784128e-06 -1.4888574e-02 -5.7479082e-03
-2.1904930e-03 1.2252911e-03 -1.3988699e-03
-1.5327129e-02 2.1736982e-02 5.8455141e-03
3.3507172e-03 1.2655566e-02 -4.9346507e-03
-1.2173186e-02 -1.6371588e-02 8.0652418e-03
3.9625494e-03 -1.2482018e-02 -7.2148664e-03
-1.6224817e-02 2.4206553e-04 3.1418895e-03
1.1192495e-02 -1.9369292e-02 -1.0332512e-02
1.4827789e-02 9.4852057e-03 3.8204231e-03
1.4209759e-02 1.8553420e-02 1.7026047e-02
1.5062903e-02 1.6974198e-02 1.1931879e-02
1.5469613e-02 8.8603836e-03 1.5525655e-02
-9.0291352e-03 -6.5981190e-03 -1.1359409e-02
-1.6003110e-03 1.3466970e-02 -3.3458516e-04
-2.1411603e-02 1.5402752e-02 7.0282461e-03
5.7799054e-03 8.8630604e-03 -5.4775400e-03
-1.0953973e-02 -1.6860902e-02 -8.1870408e-03
-8.2984465e-03 1.9428399e-02 1.3162527e-04
1.4709617e-02 -5.8632313e-03 -3.4091552e-03
6.3123748e-03 1.1860088e-02 -8.2520377e-03
-4.7727007e-03 -3.4866997e-03 -4.9580416e-03
-1.5932904e-02 1.6251916e-02 -2.8946652e-03
1.0363846e-02 1.8796993e-02 -1.7271432e-03
-9.2086564e-03 1.8354588e-04 -1.1768355e-03
-1.8420628e-02 1.9986168e-02 1.6556302e-03
-2.0410088e-02 1.0382552e-02 -2.4177789e-03
3.6344460e-03 -2.5274888e-02 -5.0519869e-04
1.8332646e-02 -8.3008315e-03 -5.7590049e-05
6.6176108e-03 -3.9815107e-03 -5.2045742e-03
1.8508172e-02 -1.7680216e-02 8.9988602e-03
1.5299768e-02 1.3692611e-02 6.0372699e-03
-1.1826424e-02 -1.7328400e-02 -3.4531241e-03
1.8374403e-02 -1.7102747e-02 4.6769268e-03
1.2807376e-02 -2.2051025e-02 -9.0429833e-04
1.3004228e-02 -3.7719927e-03 1.6534762e-03
1.6660207e-02 -1.3868588e-02 -5.5833768e-03
-5.0095461e-03 2.1841959e-02 -2.2751337e-03
3.1823579e-03 -2.5513444e-02 -5.9528137e-03
3.4184144e-03 -1.6671297e-02 -6.4244308e-03
1.0604665e-02 1.1580657e-02 -8.1536245e-03
-1.2430297e-02 -1.3617561e-02 -1.1080651e-02
-1.9873142e-02 1.5816645e-02 -5.2768028e-03
-3.7983742e-03 2.2953977e-02 1.3811353e-03
-9.0345355e-03 -1.2428466e-02 -1.5094692e-02
-2.2013167e-02 1.5887950e-02 2.5262615e-03
1.2771684e-02 1.0387979e-02 -3.6307279e-03
-1.6264293e-03 -2.5207322e-02 -5.5332846e-04
1.5863654e-03 2.0704520e-03 -4.7329254e-03
1.5085370e-02 5.5316530e-03 1.0596682e-02
6.2093945e-03 1.9360524e-04 -4.0571879e-03
1.2479421e-02 -2.0985070e-02 -5.0139663e-03
-6.4318273e-03 -2.2166163e-02 6.9035329e-03
-1.3716703e-02 1.3727764e-03 -1.7220687e-03
-1.3146196e-02 -1.6159424e-02 2.1990953e-03
-1.5353485e-02 -2.9634597e-03 -1.6855797e-03
-1.4151902e-02 -1.3185327e-02 4.7309743e-03
1.1269437e-02 -6.1362399e-03 -8.4966684e-03
-1.0501164e-02 8.7526997e-03 9.0694686e-04
-1.5394469e-02 -8.1030397e-03 -2.2063297e-03
8.9579307e-04 -8.0263432e-03 -6.4746509e-03
-5.1750970e-03 -1.9200019e-02 -6.4659551e-03
-2.4679251e-03 -5.2951399e-03 -8.4562351e-03
-1.1692821e-02 2.2154582e-02 8.3290899e-04
9.6713903e-04 -1.5512202e-03 -6.5773532e-03
1.1163066e-02 -9.2429553e-03 -1.4350880e-02
1.3645194e-03 1.9713133e-02 -5.4911832e-03
8.5662544e-03 2.2035650e-02 9.4638281e-03
1.1627668e-02 2.1582119e-02 1.4789848e-02
-1.1167244e-02 -4.0071260e-03 -7.8024263e-03
1.1207546e-03 1.6124247e-02 -3.5798497e-03
1.6319512e-02 -5.6208604e-03 1.2511801e-03
-6.4357861e-03 -2.2125618e-02 -7.1405654e-04
1.5269159e-02 8.0577927e-03 7.2992568e-03
-1.5689018e-02 -7.3953137e-04 1.0687328e-02
-1.9315841e-02 1.9109563e-02 6.6063232e-03
-1.0672850e-02 1.4966157e-02 -2.4394133e-04
6.1457620e-03 1.8825720e-02 -6.5137929e-03
1.0050863e-02 -2.2748964e-02 -7.5085210e-03
-7.0748775e-03 2.3275235e-02 9.7285054e-03
9.0654458e-03 -1.2572227e-02 -1.2354769e-02
5.1945912e-03 2.0596089e-02 -9.5915584e-04
-9.7709458e-04 7.3741862e-03 -2.6127681e-04
-1.8336016e-02 1.3468361e-02 -7.5446485e-03
-1.4467475e-02 -1.0096790e-02 -6.9159332e-03
1.3292852e-02 3.3548026e-03 6.2812878e-03
1.7444227e-05 2.2380673e-02 3.5927802e-04
-3.9819181e-03 -2.2400502e-02 -3.7569525e-03
-1.7317866e-02 2.4818516e-03 7.4228875e-03
9.5475961e-03 3.5552294e-03 -2.9190845e-03
1.5883630e-02 -1.9446415e-02 2.3183252e-03
-1.4079843e-02 -1.3308351e-02 -2.5633485e-03
-2.1074013e-02 1.0909096e-02 7.6443449e-03
-1.2501786e-02 -1.3238888e-03 -4.8468605e-03
-2.1450937e-02 1.0803415e-02 3.0901070e-03
1.5413837e-02 -2.2033180e-03 1.1944103e-02
-1.4017584e-02 -6.2354964e-03 1.0392764e-02
4.1850581e-03 2.1982996e-02 4.5080779e-03
2.3616612e-03 2.2863257e-02 9.0282090e-03
1.9644268e-02 -9.2805386e-03 4.3534757e-03
-1.5772772e-02 -3.3922889e-03 6.5862142e-03
1.9865042e-02 -1.3859435e-02 1.0847446e-02
-5.6227503e-03 -8.6779688e-03 -1.0112018e-02
9.1831358e-03 -6.7166200e-03 -1.1817764e-02
-2.1966602e-03 -2.5153379e-02 -5.3314910e-03
6.6208563e-03 -1.4717537e-03 -4.5292312e-04
1.9337728e-03 -2.4589977e-02 3.0607605e-03
8.0299282e-03 2.3043512e-02 1.4301646e-02
8.1997686e-03 7.9567603e-03 -8.3651776e-03
1.1725034e-02 -2.2865829e-02 5.5363691e-03
-1.3195268e-02 1.2973642e-02 -2.6534607e-03
-1.9910576e-02 1.1359481e-02 1.1476585e-02
1.2720746e-02 1.8400942e-02 2.6325715e-03
-5.7235753e-03 1.0974039e-02 1.8269506e-03
1.3568512e-02 1.8352067e-02 7.0030723e-03
1.7632399e-02 -9.0486314e-03 -4.6209064e-03
9.2158195e-03 2.9101816e-04 3.7720420e-03
1.9172954e-02 -9.5835093e-03 1.2267930e-02
